time;fps;minFps;maxFps;ram;vram;activeChunks;generateChunk;staticRenderRegion;staticRenderRegion2;chunkLoad;lightMapUpdate;lightMapUpdate2;gpuBlockIDMapUpdate;gcCollect
0;0;0;0;1;782;0;0;0;0;0;0;0;0;0;
2.02356;56;27;64;31;837;43;66;14;0;0;3;0;0;1;
3.03167;47;19;64;50;878;183;72;89;108;140;23;27;142;0;
4.04436;49;22;61;66;910;241;68;42;40;58;10;10;56;1;
5.04938;48;22;61;85;930;312;70;36;32;71;9;7;35;0;
6.06461;45;22;59;102;976;392;67;119;120;80;30;30;110;0;
7.08979;44;20;57;121;992;439;71;90;95;47;23;24;56;0;
8.11565;44;14;57;137;1002;531;67;39;41;92;10;11;85;1;
9.13068;43;24;57;155;1010;592;70;79;77;61;19;19;62;0;
10.133;43;29;56;173;1018;658;69;64;63;66;16;16;52;0;
11.1417;42;20;56;191;1028;726;69;84;84;68;21;21;86;0;
12.1484;43;23;56;209;1038;802;68;72;73;76;18;18;64;0;
13.1542;43;28;55;226;1044;874;68;60;62;72;15;15;50;0;
14.1574;38;19;55;244;1086;936;69;125;123;62;31;31;81;0;
15.1595;37;23;77;263;1132;1011;70;144;138;75;36;34;88;0;
16.292;38;5;54;277;1144;1083;70;83;91;71;21;23;36;1;
17.3144;36;7;53;293;1178;1128;61;36;33;46;9;8;79;0;
18.3367;41;27;52;311;1192;1185;69;28;26;57;7;7;50;0;
19.3547;38;21;53;330;1246;1285;72;87;92;100;22;23;110;0;
20.3548;37;20;52;348;1272;1355;69;70;66;70;18;16;67;0;
21.3638;36;25;50;367;1278;1424;71;100;104;69;25;26;56;0;
22.3792;39;25;51;384;1284;1453;67;51;38;29;12;10;48;0;
23.3844;37;25;51;402;1294;1526;70;48;53;73;12;13;73;0;
24.3884;36;22;50;421;1306;1614;71;74;71;88;19;18;88;0;
25.399;36;18;50;439;1325;1673;71;47;53;59;12;13;49;0;
26.4102;37;24;49;458;1333;1766;70;35;38;93;8;10;57;0;
27.4277;37;21;49;476;1347;1846;71;50;52;80;13;13;123;0;
28.455;38;27;49;495;1347;1846;71;15;13;0;3;3;3;0;
29.559;35;7;49;517;1363;1998;84;33;34;152;9;9;117;0;
30.5613;34;19;48;535;1389;2050;70;61;52;52;15;12;70;0;
31.5691;33;19;49;554;1423;2130;73;73;80;80;18;21;93;0;
32.5908;35;20;48;572;1439;2187;73;49;39;57;12;9;54;0;
33.7784;26;3;48;581;1483;2269;58;61;71;82;16;18;89;1;
34.7971;35;13;48;598;1499;2340;67;11;13;71;2;3;0;0;
35.8191;35;18;48;616;1521;2389;71;54;49;49;14;12;116;0;
36.8414;35;19;48;634;1563;2466;70;62;57;77;16;15;81;0;
37.8448;35;21;48;653;1579;2532;71;15;22;66;3;5;0;0;
38.8876;36;17;48;672;1631;2628;74;21;25;96;6;7;158;0;
39.8985;34;17;48;690;1655;2690;68;36;26;62;8;6;62;0;
40.913;34;18;47;709;1681;2759;71;29;36;69;8;9;73;0;
41.9146;34;28;47;726;1681;2759;68;10;0;0;2;0;0;0;
42.9216;30;17;41;742;1699;2845;61;20;26;86;5;6;82;0;
43.9336;32;19;44;759;1711;2936;64;18;12;91;5;4;91;0;
44.938;33;16;46;776;1715;2978;67;20;26;42;5;6;31;0;
45.9612;36;27;47;794;1717;2978;69;10;8;0;2;2;15;0;
46.9723;35;21;47;812;1717;3129;70;9;13;151;3;3;0;0;
47.998;35;20;47;831;1735;3226;72;10;13;97;2;3;151;0;
49.008;34;21;47;849;1747;3282;69;14;12;56;4;4;97;0;
50.0386;36;20;47;868;1755;3376;72;10;13;94;2;3;56;0;
51.0416;33;25;45;884;1755;3376;64;9;0;0;2;0;0;0;
52.05;31;14;41;900;1767;3471;59;8;13;95;2;3;94;0;
53.0732;32;15;43;917;1779;3565;65;9;13;94;2;3;95;0;
54.0803;34;31;45;934;1779;3565;68;9;0;0;3;0;0;0;
55.097;34;18;45;952;1791;3659;70;9;13;94;2;3;94;0;
56.1057;32;17;35;971;1839;3767;71;30;32;108;8;8;191;0;
57.1157;33;20;46;990;1865;3839;71;36;38;72;8;10;79;0;
58.1274;34;25;45;1008;1865;3839;70;11;8;0;3;2;4;0;
59.1402;29;15;42;1026;1933;3986;68;46;51;147;12;13;142;0;
60.1638;29;14;40;1042;1933;3986;62;9;0;0;2;0;0;0;
61.1654;30;14;43;1059;1969;4090;66;21;26;104;5;6;104;0;
62.1864;34;26;46;1077;1969;4090;68;9;0;0;2;0;0;0;
63.1894;32;17;46;1095;2005;4189;71;21;25;99;6;7;101;0;
64.2045;33;17;35;1114;2019;4290;72;22;26;101;5;6;100;0;
65.2156;33;21;45;1132;2021;4386;70;9;13;96;3;3;4;0;
66.2313;31;23;33;1149;2021;4386;65;9;0;0;2;0;0;0;
67.2319;39;14;57;1156;2043;4489;29;239;249;103;60;63;199;0;
68.2498;52;41;60;1157;2043;4489;0;478;472;0;119;117;0;0;
69.2659;54;43;61;1158;2043;4489;0;502;508;0;126;127;0;0;
70.3815;33;1;60;1143;2043;4489;0;311;300;0;77;75;0;1;
71.3823;40;7;60;1144;2043;4489;0;373;384;0;94;96;0;0;
72.3898;53;45;58;1144;2043;4489;0;532;532;0;133;134;0;0;
73.4055;52;44;57;1145;2043;4489;0;517;512;0;129;127;0;0;
74.4263;48;38;55;1145;2043;4489;0;472;472;0;118;118;0;0;
75.4318;43;37;47;1146;2043;4489;0;399;402;0;100;101;0;0;
76.449;46;40;50;1146;2043;4489;0;444;446;0;111;111;0;0;
77.4634;48;40;52;1147;2043;4489;0;484;480;0;121;120;0;0;
78.4809;49;42;52;1148;2043;4489;0;488;492;0;122;123;0;0;
79.4957;48;38;52;1148;2043;4489;0;484;484;0;121;121;0;0;
80.5004;47;41;51;1149;2043;4489;0;472;468;0;118;117;0;0;
81.5091;47;40;50;1149;2043;4489;0;472;476;0;118;119;0;0;
82.5108;45;37;50;1150;2043;4489;0;456;452;0;114;113;0;0;
83.5205;40;34;45;1150;2043;4489;0;399;396;0;99;99;0;0;
84.5273;39;34;43;1151;2043;4489;0;389;392;0;98;98;0;0;
85.5411;42;35;47;1151;2043;4489;0;416;420;0;104;105;0;0;
86.5514;44;36;47;1152;2043;4489;0;444;444;0;111;111;0;0;
87.5734;43;37;46;1152;2043;4489;0;440;436;0;110;109;0;0;
88.58;44;38;47;1153;2043;4489;0;448;448;0;112;112;0;0;
89.5838;44;38;47;1153;2043;4489;0;445;444;0;111;111;0;0;
90.5904;44;39;48;1154;2043;4489;0;447;448;0;112;112;0;0;
91.6022;44;40;46;1154;2043;4489;0;448;448;0;112;112;0;0;
92.6052;41;35;46;1155;2043;4489;0;412;412;0;103;103;0;0;
93.6131;36;31;40;1155;2043;4489;0;360;360;0;90;90;0;0;
94.6341;38;33;41;1155;2043;4489;0;381;380;0;95;95;0;0;
95.6378;40;35;42;1156;2043;4489;0;399;404;0;100;101;0;0;
96.6416;41;37;44;1156;2043;4489;0;416;412;0;104;103;0;0;
97.656;39;35;41;1157;2043;4489;0;388;392;0;97;98;0;0;
98.6737;41;36;43;1157;2043;4489;0;412;408;0;103;102;0;0;
99.675;42;38;44;1158;2043;4489;0;420;420;0;105;105;0;0;
100.683;45;40;45;1158;2043;4489;0;28;32;0;7;9;0;0;
101.684;45;43;45;1159;2043;4489;0;0;0;0;0;0;0;0;
102.685;45;43;45;1159;2043;4489;0;0;0;0;0;0;0;0;
103.691;45;43;45;1160;2043;4489;0;0;0;0;0;0;0;0;
104.692;45;42;45;1160;2043;4489;0;0;0;0;0;0;0;0;
105.698;45;41;45;1161;2043;4489;0;0;0;0;0;0;0;0;
106.705;45;43;45;1161;2043;4489;0;0;0;0;0;0;0;0;
107.707;44;42;45;1161;2043;4489;0;0;0;0;0;0;0;0;
108.723;45;41;45;1162;2043;4489;0;0;0;0;0;0;0;0;
109.724;45;43;45;1162;2043;4489;0;0;0;0;0;0;0;0;
110.726;45;43;45;1163;2043;4489;0;0;0;0;0;0;0;0;
111.742;45;27;45;1164;2045;4492;4;0;0;3;0;0;1;0;
112.779;27;18;28;1181;2165;4528;62;16;12;36;3;3;35;0;
113.807;27;15;27;1195;2165;4528;56;8;0;0;2;0;0;0;
114.845;27;18;27;1210;2165;4629;58;7;13;101;2;3;3;0;
115.867;27;22;27;1225;2165;4629;55;7;0;0;2;0;0;0;
116.9;24;14;26;1238;2173;4733;52;6;13;104;1;3;101;0;
117.906;23;18;35;1281;2185;4744;38;37;42;78;10;10;181;0;
118.925;28;20;42;1356;2185;4581;32;104;96;35;26;25;36;0;
119.937;33;21;51;1431;2185;4466;39;102;107;17;24;25;17;0;
120.952;40;25;60;1524;2185;4308;36;140;140;34;36;36;34;0;
121.961;43;26;63;1617;2185;4222;41;205;206;49;52;52;49;0;
122.987;46;26;67;1715;2185;4079;40;164;165;49;40;41;49;0;
123.988;40;28;66;1780;2185;3991;47;122;121;40;30;30;40;0;
124.993;39;23;60;1876;2185;3844;36;168;168;40;41;40;40;0;
125.999;42;26;64;1969;2185;3700;33;135;136;39;34;35;39;0;
127.009;42;25;71;2038;2185;3568;45;161;155;49;41;38;49;0;
128.014;45;27;76;2107;2185;3491;48;157;162;48;37;39;48;0;
129.024;50;29;78;2194;2185;3347;43;200;202;41;51;52;19;0;
130.05;52;28;80;2279;2185;3258;46;220;216;26;54;54;48;0;
131.243;30;1;81;1249;2185;3181;26;120;121;48;29;27;48;1;
132.259;42;8;78;1339;2185;3041;36;165;168;34;40;42;34;0;
133.27;52;30;80;1416;2185;2924;46;187;188;48;45;44;48;0;
134.271;49;32;79;1483;2185;2810;48;165;156;48;41;39;36;0;
135.28;47;32;76;1547;2185;2760;46;156;162;29;39;41;41;0;
136.3;44;29;70;1631;2185;2633;35;162;162;37;39;40;37;0;
137.316;43;25;68;1715;2185;2512;37;160;161;43;39;39;41;0;
138.341;36;26;47;1715;2185;2511;66;10;0;0;2;0;2;0;
139.361;39;28;76;1720;2185;2585;67;12;13;82;3;3;41;0;
140.382;40;30;78;1732;2185;2657;69;34;39;94;9;9;134;0;
141.388;36;27;50;1732;2185;2740;67;10;13;83;2;3;1;0;
142.4;34;24;65;1736;2185;2761;60;22;17;29;6;5;111;0;
143.423;33;24;44;1737;2185;2852;64;8;13;91;2;3;1;0;
144.433;33;21;68;1741;2185;2923;61;11;13;79;2;3;91;0;
145.457;34;24;67;1755;2185;2917;59;24;18;21;6;5;99;0;
146.467;33;21;44;1759;2185;3002;61;21;26;92;6;6;90;0;
147.489;33;25;44;1760;2185;3002;62;9;0;0;2;0;0;0;
148.505;35;29;65;1772;2185;3089;59;13;21;111;3;5;3;0;
149.527;34;25;44;1776;2185;3083;61;10;0;0;2;0;0;0;
150.528;32;21;44;1776;2185;3222;61;8;20;139;3;5;111;0;
151.543;33;25;65;1780;2185;3215;62;9;0;0;2;0;0;0;
152.549;32;21;43;1780;2185;3303;61;9;13;88;2;3;139;0;
153.58;34;24;66;1791;2185;3362;61;10;12;78;2;4;88;0;
154.602;34;30;45;1791;2185;3362;62;9;0;0;3;0;0;0;
155.607;36;23;70;1802;2185;3483;63;14;26;143;3;6;171;0;
156.62;36;28;49;1803;2185;3483;71;10;0;0;3;0;0;0;
157.621;37;26;50;1805;2185;3575;69;22;26;96;5;6;141;0;
158.624;38;33;50;1808;2185;3571;70;11;6;0;3;2;5;0;
159.636;36;27;49;1808;2185;3696;71;10;13;125;3;3;0;0;
160.644;34;25;69;1815;2185;3760;67;12;13;77;3;3;125;0;
161.667;31;21;43;1816;2185;3846;62;9;12;86;2;4;77;0;
162.688;31;18;42;1819;2185;3840;62;9;2;0;2;0;86;0;
163.701;30;21;42;1819;2185;3943;59;8;13;103;2;3;0;0;
164.722;31;23;61;1824;2185;3987;62;14;13;52;3;3;103;0;
165.753;31;23;41;1825;2185;4080;62;8;12;95;3;4;52;0;
166.772;30;21;41;1826;2185;4163;63;10;13;84;2;3;95;0;
167.776;30;23;41;1826;2185;4163;61;9;0;0;2;0;0;0;
168.793;31;23;42;1830;2185;4229;61;11;13;73;3;3;84;0;
169.811;31;21;42;1831;2185;4323;60;9;13;94;2;3;73;0;
170.817;30;23;42;1831;2185;4323;63;9;0;0;2;0;0;0;
171.829;30;17;42;1832;2185;4414;64;8;13;92;2;3;94;0;
172.833;46;24;62;1832;2185;4489;19;268;267;75;68;67;167;0;
173.842;53;43;60;1833;2185;4489;0;452;461;0;113;116;0;0;
174.844;54;44;61;1834;2185;4489;0;516;506;0;129;127;0;0;
175.848;55;47;61;1834;2185;4489;0;542;552;0;136;137;0;0;
176.857;54;47;60;1835;2185;4489;0;543;543;0;136;136;0;0;
177.857;53;46;58;1835;2185;4489;0;533;528;0;133;132;0;0;
178.861;52;43;57;1836;2185;4489;0;519;524;0;130;132;0;0;
179.866;47;39;53;1837;2185;4489;0;472;468;0;118;116;0;0;
180.875;43;37;47;1837;2185;4489;0;428;432;0;107;109;0;0;
181.877;45;37;50;1838;2185;4489;0;449;449;0;113;112;0;0;
182.895;48;39;51;1838;2185;4489;0;484;480;0;121;120;0;0;
183.912;49;43;52;1839;2185;4489;0;496;500;0;124;125;0;0;
184.916;48;43;51;1839;2185;4489;0;488;488;0;122;123;0;0;
185.928;48;41;51;1840;2185;4489;0;488;484;0;122;120;0;0;
186.94;48;44;50;1840;2185;4489;0;480;484;0;120;121;0;0;
187.961;44;37;49;1841;2185;4489;0;440;440;0;110;110;0;0;
188.962;43;36;45;1841;2185;4489;0;4;4;0;1;2;0;0;
189.973;47;43;48;1842;2185;4489;0;0;0;0;0;0;0;0;
190.985;50;45;50;1842;2185;4489;0;0;0;0;0;0;0;0;
192.002;52;47;52;1843;2185;4489;0;0;0;0;0;0;0;0;
193.004;52;48;52;1843;2185;4489;0;0;0;0;0;0;0;0;
194.01;52;47;52;1844;2185;4489;0;0;0;0;0;0;0;0;
195.024;50;46;51;1844;2185;4489;0;0;0;0;0;0;0;0;
196.033;45;42;46;1845;2185;4489;0;0;0;0;0;0;0;0;
197.038;47;42;48;1845;2185;4489;0;0;0;0;0;0;0;0;
198.05;50;45;50;1846;2185;4489;0;0;0;0;0;0;0;0;
199.065;52;47;52;1846;2185;4489;0;0;0;0;0;0;0;0;
